0.8,1,400
1,54,31,23,3,0.0005
2,50.0000,31.0000,19.0000,3,0.0005
3,56.0000,39.0000,17.0000,3,0.0005
4,60.0000,43.0000,17.0000,3,0.0005
5,53.0000,32.0000,21.0000,3,0.0005
6,50.0000,34.0000,16.0000,4,0.0005
7,53.0000,28.0000,25.0000,3,0.0005
8,48.0000,30.0000,18.0000,3,0.0005
9,56.0000,46.0000,10.0000,3,0.0005
10,58.0000,47.0000,11.0000,4,0.0006
11,52.0000,32.0000,20.0000,3,0.0005
12,55.0000,41.0000,14.0000,4,0.0005
13,49.0000,37.0000,12.0000,3,0.0005
14,49.0000,36.0000,13.0000,3,0.0005
15,52.0000,33.0000,19.0000,4,0.0005
16,51.0000,40.0000,11.0000,4,0.0006
17,52.0000,40.0000,12.0000,3,0.0006
18,51.0000,39.0000,12.0000,4,0.0006
19,55.0000,29.0000,26.0000,4,0.0005
20,53.0000,32.0000,21.0000,4,0.0005
21,47.0000,33.0000,14.0000,5,0.0005
22,56.0000,37.0000,19.0000,4,0.0006
23,54.0000,37.0000,17.0000,3,0.0005
24,54.0000,37.0000,17.0000,4,0.0005
25,51.0000,36.0000,15.0000,4,0.0006
26,61.0000,29.0000,32.0000,4,0.0005
27,55.0000,39.0000,16.0000,4,0.0005
28,54.0000,30.0000,24.0000,3,0.0005
29,55.0000,34.0000,21.0000,3,0.0005
30,48.0000,35.0000,13.0000,3,0.0005
31,54.0000,40.0000,14.0000,4,0.0005
32,60.0000,38.0000,22.0000,3,0.0005
33,53.0000,46.0000,7.0000,4,0.0005
34,59.0000,40.0000,19.0000,3,0.0005
35,58.0000,40.0000,18.0000,3,0.0005
36,56.0000,42.0000,14.0000,4,0.0006
37,60.0000,36.0000,24.0000,4,0.0005
38,54.0000,37.0000,17.0000,4,0.0005
39,53.0000,43.0000,10.0000,3,0.0005
40,58.0000,37.0000,21.0000,3,0.0006
41,54.0000,35.0000,19.0000,3,0.0006
42,56.0000,41.0000,15.0000,4,0.0005
43,53.0000,34.0000,19.0000,4,0.0005
44,52.0000,45.0000,7.0000,3,0.0005
45,54.0000,40.0000,14.0000,4,0.0005
46,57.0000,32.0000,25.0000,3,0.0005
47,61.0000,43.0000,18.0000,4,0.0005
48,56.0000,38.0000,18.0000,4,0.0005
49,62.0000,40.0000,22.0000,4,0.0005
50,55.0000,44.0000,11.0000,3,0.0005
51,54.0000,38.0000,16.0000,4,0.0005
52,52.0000,42.0000,10.0000,4,0.0005
53,54.0000,29.0000,25.0000,3,0.0005
54,55.0000,41.0000,14.0000,3,0.0005
55,51.0000,35.0000,16.0000,3,0.0005
56,48.0000,42.0000,6.0000,4,0.0006
57,53.0000,36.0000,17.0000,3,0.0005
58,51.0000,37.0000,14.0000,4,0.0005
59,56.0000,45.0000,11.0000,4,0.0005
60,54.0000,38.0000,16.0000,3,0.0005
61,55.0000,38.0000,17.0000,4,0.0005
62,56.0000,45.0000,11.0000,5,0.0006
63,52.0000,45.0000,7.0000,5,0.0006
64,48.0000,33.0000,15.0000,4,0.0005
65,53.0000,36.0000,17.0000,4,0.0006
66,55.0000,40.0000,15.0000,3,0.0005
67,54.0000,40.0000,14.0000,3,0.0005
68,48.0000,28.0000,20.0000,3,0.0005
69,59.0000,31.0000,28.0000,4,0.0005
70,55.0000,44.0000,11.0000,4,0.0006
71,54.0000,40.0000,14.0000,4,0.0005
72,56.0000,39.0000,17.0000,4,0.0005
73,51.0000,41.0000,10.0000,4,0.0005
74,51.0000,42.0000,9.0000,4,0.0006
75,47.0000,38.0000,9.0000,4,0.0005
76,47.0000,34.0000,13.0000,5,0.0006
77,56.0000,45.0000,11.0000,4,0.0006
78,52.0000,43.0000,9.0000,4,0.0006
79,52.0000,29.0000,23.0000,3,0.0005
80,52.0000,33.0000,19.0000,4,0.0005
81,52.0000,41.0000,11.0000,3,0.0005
82,53.0000,42.0000,11.0000,3,0.0005
83,56.0000,38.0000,18.0000,3,0.0005
84,53.0000,38.0000,15.0000,4,0.0005
85,53.0000,33.0000,20.0000,3,0.0005
86,51.0000,43.0000,8.0000,5,0.0006
87,53.0000,43.0000,10.0000,3,0.0005
88,53.0000,37.0000,16.0000,3,0.0006
89,48.0000,32.0000,16.0000,4,0.0005
90,50.0000,30.0000,20.0000,4,0.0005
91,56.0000,28.0000,28.0000,3,0.0005
92,57.0000,36.0000,21.0000,4,0.0005
93,54.0000,36.0000,18.0000,3,0.0005
94,61.0000,43.0000,18.0000,3,0.0006
95,54.0000,40.0000,14.0000,4,0.0005
96,53.0000,39.0000,14.0000,4,0.0006
97,52.0000,34.0000,18.0000,3,0.0005
98,55.0000,41.0000,14.0000,3,0.0005
99,52.0000,30.0000,22.0000,4,0.0006
100,55.0000,43.0000,12.0000,3,0.0005
101,50.0000,37.0000,13.0000,4,0.0006
102,57.0000,37.0000,20.0000,3,0.0005
103,60.0000,28.0000,32.0000,3,0.0005
104,54.0000,37.0000,17.0000,4,0.0006
105,61.0000,42.0000,19.0000,4,0.0005
106,53.0000,40.0000,13.0000,4,0.0006
107,54.0000,39.0000,15.0000,4,0.0006
108,53.0000,34.0000,19.0000,3,0.0005
109,49.0000,30.0000,19.0000,3,0.0005
110,52.0000,34.0000,18.0000,4,0.0005
111,49.0000,37.0000,12.0000,4,0.0006
112,50.0000,38.0000,12.0000,4,0.0009
113,52.0000,38.0000,14.0000,4,0.0006
114,52.0000,42.0000,10.0000,4,0.0006
115,51.0000,33.0000,18.0000,4,0.0005
116,56.0000,44.0000,12.0000,3,0.0005
117,52.0000,34.0000,18.0000,4,0.0006
118,52.0000,40.0000,12.0000,3,0.0006
119,53.0000,31.0000,22.0000,3,0.0005
120,57.0000,34.0000,23.0000,3,0.0005
121,49.0000,34.0000,15.0000,4,0.0005
122,53.0000,34.0000,19.0000,3,0.0005
123,56.0000,32.0000,24.0000,4,0.0005
124,58.0000,35.0000,23.0000,5,0.0005
125,51.0000,40.0000,11.0000,4,0.0006
126,56.0000,43.0000,13.0000,4,0.0006
127,54.0000,33.0000,21.0000,4,0.0005
128,54.0000,29.0000,25.0000,4,0.0006
129,56.0000,43.0000,13.0000,3,0.0005
130,54.0000,38.0000,16.0000,3,0.0006
131,57.0000,38.0000,19.0000,4,0.0005
132,55.0000,35.0000,20.0000,4,0.0006
133,50.0000,35.0000,15.0000,4,0.0006
134,49.0000,37.0000,12.0000,4,0.0005
135,54.0000,45.0000,9.0000,4,0.0006
136,51.0000,41.0000,10.0000,4,0.0005
137,59.0000,40.0000,19.0000,3,0.0005
138,51.0000,30.0000,21.0000,3,0.0005
139,58.0000,43.0000,15.0000,4,0.0005
140,58.0000,37.0000,21.0000,3,0.0005
141,54.0000,32.0000,22.0000,3,0.0005
142,51.0000,26.0000,25.0000,3,0.0005
143,53.0000,37.0000,16.0000,3,0.0005
144,54.0000,38.0000,16.0000,4,0.0006
145,51.0000,35.0000,16.0000,3,0.0005
146,52.0000,31.0000,21.0000,3,0.0005
147,52.0000,41.0000,11.0000,4,0.0006
148,51.0000,33.0000,18.0000,4,0.0005
149,53.0000,34.0000,19.0000,3,0.0005
150,56.0000,30.0000,26.0000,4,0.0005
151,58.0000,39.0000,19.0000,4,0.0005
152,48.0000,31.0000,17.0000,3,0.0005
153,55.0000,35.0000,20.0000,3,0.0005
154,54.0000,29.0000,25.0000,4,0.0005
155,55.0000,39.0000,16.0000,4,0.0005
156,53.0000,27.0000,26.0000,3,0.0005
157,49.0000,40.0000,9.0000,3,0.0005
158,60.0000,44.0000,16.0000,3,0.0005
159,52.0000,36.0000,16.0000,3,0.0005
160,54.0000,38.0000,16.0000,4,0.0005
161,52.0000,35.0000,17.0000,3,0.0005
162,52.0000,35.0000,17.0000,4,0.0006
163,50.0000,26.0000,24.0000,3,0.0005
164,55.0000,29.0000,26.0000,4,0.0005
165,53.0000,41.0000,12.0000,4,0.0005
166,54.0000,34.0000,20.0000,4,0.0006
167,57.0000,39.0000,18.0000,4,0.0006
168,56.0000,31.0000,25.0000,4,0.0005
169,56.0000,42.0000,14.0000,4,0.0006
170,61.0000,40.0000,21.0000,4,0.0005
171,55.0000,29.0000,26.0000,3,0.0005
172,56.0000,37.0000,19.0000,4,0.0005
173,55.0000,26.0000,29.0000,3,0.0005
174,61.0000,28.0000,33.0000,4,0.0006
175,56.0000,41.0000,15.0000,4,0.0006
176,60.0000,44.0000,16.0000,4,0.0005
177,57.0000,39.0000,18.0000,4,0.0006
178,51.0000,33.0000,18.0000,3,0.0005
179,51.0000,36.0000,15.0000,4,0.0006
180,51.0000,33.0000,18.0000,3,0.0005
181,50.0000,40.0000,10.0000,4,0.0005
182,55.0000,42.0000,13.0000,4,0.0006
183,54.0000,38.0000,16.0000,4,0.0006
184,57.0000,45.0000,12.0000,4,0.0006
185,51.0000,38.0000,13.0000,3,0.0006
186,56.0000,29.0000,27.0000,3,0.0005
187,53.0000,39.0000,14.0000,4,0.0005
188,55.0000,37.0000,18.0000,4,0.0005
189,51.0000,36.0000,15.0000,4,0.0005
190,54.0000,37.0000,17.0000,3,0.0005
191,58.0000,30.0000,28.0000,3,0.0005
192,54.0000,41.0000,13.0000,4,0.0005
193,56.0000,37.0000,19.0000,3,0.0005
194,51.0000,33.0000,18.0000,4,0.0005
195,55.0000,50.0000,5.0000,4,0.0005
196,55.0000,35.0000,20.0000,4,0.0005
197,55.0000,42.0000,13.0000,3,0.0005
198,50.0000,41.0000,9.0000,4,0.0006
199,53.0000,44.0000,9.0000,4,0.0006
200,52.0000,37.0000,15.0000,3,0.0006
201,52.0000,37.0000,15.0000,4,0.0005
202,48.0000,30.0000,18.0000,3,0.0005
203,54.0000,33.0000,21.0000,3,0.0005
204,53.0000,33.0000,20.0000,3,0.0005
205,59.0000,41.0000,18.0000,4,0.0005
206,57.0000,36.0000,21.0000,3,0.0005
207,51.0000,42.0000,9.0000,4,0.0006
208,55.0000,40.0000,15.0000,4,0.0006
209,53.0000,33.0000,20.0000,4,0.0005
210,53.0000,36.0000,17.0000,4,0.0005
211,62.0000,49.0000,13.0000,4,0.0005
212,54.0000,24.0000,30.0000,3,0.0006
213,53.0000,32.0000,21.0000,3,0.0005
214,49.0000,37.0000,12.0000,4,0.0005
215,53.0000,40.0000,13.0000,3,0.0005
216,53.0000,40.0000,13.0000,4,0.0005
217,53.0000,33.0000,20.0000,3,0.0006
218,54.0000,34.0000,20.0000,5,0.0005
219,53.0000,31.0000,22.0000,3,0.0005
220,55.0000,35.0000,20.0000,3,0.0005
221,50.0000,36.0000,14.0000,4,0.0005
222,54.0000,40.0000,14.0000,3,0.0005
223,50.0000,41.0000,9.0000,5,0.0006
224,52.0000,42.0000,10.0000,4,0.0006
225,50.0000,38.0000,12.0000,4,0.0005
226,52.0000,37.0000,15.0000,4,0.0006
227,55.0000,39.0000,16.0000,4,0.0005
228,56.0000,43.0000,13.0000,4,0.0006
229,48.0000,35.0000,13.0000,4,0.0006
230,54.0000,37.0000,17.0000,4,0.0006
231,48.0000,30.0000,18.0000,3,0.0005
232,58.0000,44.0000,14.0000,4,0.0005
233,52.0000,38.0000,14.0000,4,0.0005
234,50.0000,36.0000,14.0000,3,0.0005
235,48.0000,33.0000,15.0000,4,0.0005
236,55.0000,32.0000,23.0000,4,0.0005
237,58.0000,40.0000,18.0000,4,0.0005
238,53.0000,48.0000,5.0000,4,0.0006
239,60.0000,29.0000,31.0000,4,0.0005
240,56.0000,41.0000,15.0000,3,0.0006
241,56.0000,36.0000,20.0000,4,0.0005
242,49.0000,37.0000,12.0000,4,0.0005
243,56.0000,41.0000,15.0000,3,0.0006
244,56.0000,36.0000,20.0000,3,0.0006
245,54.0000,45.0000,9.0000,4,0.0006
246,49.0000,31.0000,18.0000,4,0.0005
247,51.0000,42.0000,9.0000,3,0.0005
248,51.0000,38.0000,13.0000,3,0.0007
249,49.0000,37.0000,12.0000,5,0.0006
250,53.0000,42.0000,11.0000,3,0.0005
251,51.0000,32.0000,19.0000,4,0.0006
252,52.0000,41.0000,11.0000,3,0.0005
253,54.0000,37.0000,17.0000,3,0.0005
254,53.0000,30.0000,23.0000,3,0.0005
255,54.0000,43.0000,11.0000,5,0.0006
256,53.0000,36.0000,17.0000,3,0.0005
257,55.0000,37.0000,18.0000,4,0.0006
258,51.0000,41.0000,10.0000,4,0.0007
259,53.0000,32.0000,21.0000,3,0.0006
260,52.0000,34.0000,18.0000,3,0.0006
261,57.0000,38.0000,19.0000,3,0.0005
262,50.0000,35.0000,15.0000,3,0.0005
263,54.0000,47.0000,7.0000,4,0.0006
264,58.0000,40.0000,18.0000,4,0.0005
265,58.0000,36.0000,22.0000,4,0.0006
266,52.0000,35.0000,17.0000,3,0.0006
267,53.0000,35.0000,18.0000,4,0.0006
268,52.0000,32.0000,20.0000,4,0.0006
269,51.0000,38.0000,13.0000,4,0.0006
270,56.0000,31.0000,25.0000,3,0.0006
271,55.0000,39.0000,16.0000,3,0.0005
272,56.0000,34.0000,22.0000,3,0.0005
273,53.0000,43.0000,10.0000,4,0.0005
274,55.0000,34.0000,21.0000,3,0.0005
275,54.0000,42.0000,12.0000,3,0.0005
276,54.0000,35.0000,19.0000,4,0.0005
277,50.0000,35.0000,15.0000,4,0.0005
278,57.0000,41.0000,16.0000,4,0.0006
279,55.0000,32.0000,23.0000,3,0.0005
280,44.0000,35.0000,9.0000,4,0.0006
281,52.0000,41.0000,11.0000,4,0.0006
282,53.0000,38.0000,15.0000,4,0.0006
283,50.0000,32.0000,18.0000,4,0.0006
284,51.0000,40.0000,11.0000,4,0.0006
285,54.0000,38.0000,16.0000,3,0.0006
286,51.0000,30.0000,21.0000,4,0.0005
287,49.0000,34.0000,15.0000,4,0.0005
288,53.0000,34.0000,19.0000,4,0.0009
289,56.0000,37.0000,19.0000,3,0.0010
290,55.0000,33.0000,22.0000,5,0.0006
291,50.0000,30.0000,20.0000,3,0.0005
292,55.0000,40.0000,15.0000,3,0.0005
293,56.0000,42.0000,14.0000,5,0.0005
294,53.0000,37.0000,16.0000,3,0.0005
295,54.0000,45.0000,9.0000,4,0.0006
296,51.0000,39.0000,12.0000,3,0.0006
297,54.0000,38.0000,16.0000,3,0.0005
298,53.0000,39.0000,14.0000,3,0.0006
299,52.0000,34.0000,18.0000,3,0.0006
300,62.0000,38.0000,24.0000,4,0.0005
301,53.0000,37.0000,16.0000,4,0.0006
302,57.0000,42.0000,15.0000,3,0.0005
303,62.0000,42.0000,20.0000,4,0.0006
304,53.0000,35.0000,18.0000,5,0.0006
305,53.0000,39.0000,14.0000,3,0.0006
306,53.0000,36.0000,17.0000,3,0.0006
307,51.0000,41.0000,10.0000,4,0.0007
308,53.0000,42.0000,11.0000,3,0.0005
309,56.0000,44.0000,12.0000,4,0.0006
310,51.0000,29.0000,22.0000,4,0.0005
311,48.0000,38.0000,10.0000,4,0.0006
312,50.0000,41.0000,9.0000,4,0.0006
313,54.0000,37.0000,17.0000,3,0.0005
314,54.0000,35.0000,19.0000,4,0.0005
315,50.0000,37.0000,13.0000,4,0.0005
316,53.0000,40.0000,13.0000,4,0.0006
317,50.0000,36.0000,14.0000,5,0.0007
318,48.0000,36.0000,12.0000,3,0.0006
319,49.0000,39.0000,10.0000,3,0.0005
320,53.0000,41.0000,12.0000,4,0.0006
321,58.0000,36.0000,22.0000,4,0.0005
322,53.0000,41.0000,12.0000,4,0.0005
323,51.0000,34.0000,17.0000,3,0.0005
324,55.0000,38.0000,17.0000,3,0.0005
325,52.0000,30.0000,22.0000,4,0.0006
326,54.0000,41.0000,13.0000,4,0.0005
327,55.0000,39.0000,16.0000,3,0.0005
328,52.0000,38.0000,14.0000,4,0.0005
329,55.0000,37.0000,18.0000,4,0.0005
330,55.0000,46.0000,9.0000,4,0.0005
331,54.0000,45.0000,9.0000,4,0.0006
332,54.0000,39.0000,15.0000,4,0.0006
333,59.0000,40.0000,19.0000,3,0.0005
334,53.0000,45.0000,8.0000,4,0.0007
335,56.0000,36.0000,20.0000,3,0.0005
336,51.0000,30.0000,21.0000,4,0.0005
337,52.0000,41.0000,11.0000,4,0.0005
338,52.0000,29.0000,23.0000,4,0.0006
339,54.0000,39.0000,15.0000,4,0.0005
340,55.0000,47.0000,8.0000,4,0.0005
341,65.0000,33.0000,32.0000,3,0.0005
342,56.0000,45.0000,11.0000,4,0.0005
343,55.0000,40.0000,15.0000,4,0.0005
344,54.0000,38.0000,16.0000,3,0.0005
345,59.0000,30.0000,29.0000,3,0.0006
346,52.0000,36.0000,16.0000,4,0.0006
347,52.0000,42.0000,10.0000,4,0.0006
348,58.0000,38.0000,20.0000,4,0.0005
349,61.0000,40.0000,21.0000,3,0.0005
350,49.0000,35.0000,14.0000,4,0.0006
351,55.0000,28.0000,27.0000,3,0.0005
352,60.0000,45.0000,15.0000,3,0.0005
353,52.0000,38.0000,14.0000,4,0.0005
354,48.0000,38.0000,10.0000,5,0.0006
355,64.0000,38.0000,26.0000,3,0.0005
356,55.0000,38.0000,17.0000,3,0.0006
357,51.0000,32.0000,19.0000,4,0.0007
358,57.0000,41.0000,16.0000,4,0.0005
359,60.0000,38.0000,22.0000,3,0.0005
360,57.0000,42.0000,15.0000,4,0.0005
361,56.0000,36.0000,20.0000,3,0.0005
362,48.0000,30.0000,18.0000,4,0.0005
363,53.0000,36.0000,17.0000,3,0.0005
364,54.0000,40.0000,14.0000,4,0.0006
365,46.0000,30.0000,16.0000,4,0.0005
366,53.0000,42.0000,11.0000,4,0.0005
367,52.0000,35.0000,17.0000,3,0.0005
368,53.0000,27.0000,26.0000,3,0.0006
369,55.0000,36.0000,19.0000,3,0.0006
370,54.0000,39.0000,15.0000,3,0.0006
371,58.0000,42.0000,16.0000,3,0.0005
372,52.0000,35.0000,17.0000,4,0.0006
373,50.0000,41.0000,9.0000,3,0.0005
374,58.0000,41.0000,17.0000,4,0.0005
375,54.0000,37.0000,17.0000,3,0.0006
376,57.0000,35.0000,22.0000,3,0.0006
377,60.0000,40.0000,20.0000,3,0.0005
378,55.0000,41.0000,14.0000,4,0.0006
379,52.0000,43.0000,9.0000,4,0.0006
380,53.0000,32.0000,21.0000,4,0.0006
381,52.0000,38.0000,14.0000,4,0.0005
382,52.0000,33.0000,19.0000,4,0.0006
383,49.0000,28.0000,21.0000,3,0.0005
384,51.0000,38.0000,13.0000,5,0.0007
385,58.0000,18.0000,40.0000,3,0.0005
386,48.0000,31.0000,17.0000,3,0.0005
387,51.0000,35.0000,16.0000,4,0.0005
388,50.0000,37.0000,13.0000,4,0.0005
389,57.0000,30.0000,27.0000,3,0.0005
390,53.0000,41.0000,12.0000,4,0.0006
391,65.0000,38.0000,27.0000,3,0.0005
392,54.0000,44.0000,10.0000,4,0.0005
393,55.0000,38.0000,17.0000,4,0.0005
394,54.0000,35.0000,19.0000,4,0.0005
395,56.0000,36.0000,20.0000,4,0.0006
396,50.0000,29.0000,21.0000,3,0.0005
397,50.0000,29.0000,21.0000,3,0.0005
398,54.0000,33.0000,21.0000,3,0.0005
399,53.0000,40.0000,13.0000,4,0.0006
400,52.0000,32.0000,20.0000,3,0.0005
401,52.0000,32.0000,20.0000,4,0.0005
402,51.0000,43.0000,8.0000,4,0.0006
403,51.0000,36.0000,15.0000,4,0.0005
404,53.0000,33.0000,20.0000,3,0.0005
405,52.0000,32.0000,20.0000,3,0.0005
406,54.0000,39.0000,15.0000,3,0.0005
407,51.0000,36.0000,15.0000,4,0.0006
408,59.0000,44.0000,15.0000,3,0.0005
409,53.0000,29.0000,24.0000,3,0.0005
410,52.0000,38.0000,14.0000,4,0.0005
411,52.0000,29.0000,23.0000,4,0.0005
412,55.0000,38.0000,17.0000,3,0.0005
413,55.0000,36.0000,19.0000,3,0.0005
414,48.0000,31.0000,17.0000,4,0.0005
415,54.0000,32.0000,22.0000,3,0.0005
416,51.0000,29.0000,22.0000,3,0.0005
417,51.0000,30.0000,21.0000,3,0.0006
418,54.0000,46.0000,8.0000,5,0.0006
419,49.0000,41.0000,8.0000,4,0.0006
420,59.0000,36.0000,23.0000,3,0.0005
421,50.0000,41.0000,9.0000,5,0.0005
422,56.0000,26.0000,30.0000,4,0.0005
423,50.0000,35.0000,15.0000,3,0.0005
424,56.0000,33.0000,23.0000,3,0.0005
425,52.0000,37.0000,15.0000,4,0.0006
426,59.0000,33.0000,26.0000,4,0.0005
427,56.0000,41.0000,15.0000,4,0.0006
428,54.0000,32.0000,22.0000,3,0.0005
429,50.0000,31.0000,19.0000,3,0.0005
430,54.0000,37.0000,17.0000,3,0.0005
431,53.0000,32.0000,21.0000,3,0.0005
432,58.0000,38.0000,20.0000,4,0.0005
433,58.0000,48.0000,10.0000,5,0.0006
434,56.0000,47.0000,9.0000,4,0.0006
435,56.0000,39.0000,17.0000,3,0.0005
436,52.0000,43.0000,9.0000,3,0.0005
437,52.0000,35.0000,17.0000,4,0.0005
438,56.0000,45.0000,11.0000,3,0.0005
439,58.0000,41.0000,17.0000,3,0.0006
440,56.0000,36.0000,20.0000,3,0.0005
441,57.0000,40.0000,17.0000,4,0.0006
442,51.0000,41.0000,10.0000,3,0.0006
443,51.0000,28.0000,23.0000,3,0.0005
444,50.0000,39.0000,11.0000,4,0.0006
445,52.0000,40.0000,12.0000,5,0.0005
446,56.0000,41.0000,15.0000,4,0.0006
447,52.0000,37.0000,15.0000,4,0.0005
448,51.0000,30.0000,21.0000,4,0.0006
449,50.0000,30.0000,20.0000,3,0.0005
450,55.0000,42.0000,13.0000,3,0.0005
451,50.0000,31.0000,19.0000,3,0.0005
452,50.0000,41.0000,9.0000,4,0.0005
453,51.0000,40.0000,11.0000,4,0.0005
454,52.0000,32.0000,20.0000,3,0.0005
455,55.0000,45.0000,10.0000,4,0.0006
456,51.0000,35.0000,16.0000,3,0.0005
457,45.0000,32.0000,13.0000,4,0.0005
458,53.0000,45.0000,8.0000,4,0.0005
459,54.0000,35.0000,19.0000,4,0.0006
460,52.0000,35.0000,17.0000,3,0.0005
461,49.0000,32.0000,17.0000,3,0.0005
462,61.0000,41.0000,20.0000,4,0.0006
463,60.0000,35.0000,25.0000,4,0.0005
464,54.0000,37.0000,17.0000,4,0.0006
465,57.0000,44.0000,13.0000,4,0.0006
466,54.0000,33.0000,21.0000,4,0.0005
467,56.0000,33.0000,23.0000,3,0.0005
468,52.0000,36.0000,16.0000,3,0.0006
469,55.0000,36.0000,19.0000,4,0.0005
470,51.0000,36.0000,15.0000,4,0.0005
471,52.0000,34.0000,18.0000,3,0.0005
472,55.0000,39.0000,16.0000,3,0.0005
473,50.0000,36.0000,14.0000,4,0.0006
474,53.0000,42.0000,11.0000,4,0.0005
475,56.0000,43.0000,13.0000,4,0.0006
476,56.0000,39.0000,17.0000,3,0.0006
477,49.0000,41.0000,8.0000,4,0.0006
478,53.0000,31.0000,22.0000,3,0.0005
479,56.0000,42.0000,14.0000,3,0.0005
480,52.0000,31.0000,21.0000,3,0.0006
481,52.0000,35.0000,17.0000,3,0.0005
482,53.0000,33.0000,20.0000,3,0.0005
483,52.0000,33.0000,19.0000,3,0.0005
484,55.0000,33.0000,22.0000,4,0.0006
485,59.0000,42.0000,17.0000,3,0.0006
486,47.0000,30.0000,17.0000,3,0.0005
487,56.0000,32.0000,24.0000,3,0.0006
488,57.0000,41.0000,16.0000,4,0.0005
489,54.0000,42.0000,12.0000,3,0.0006
490,52.0000,34.0000,18.0000,3,0.0006
491,56.0000,29.0000,27.0000,4,0.0006
492,56.0000,35.0000,21.0000,4,0.0006
493,58.0000,32.0000,26.0000,3,0.0006
494,55.0000,37.0000,18.0000,3,0.0005
495,45.0000,32.0000,13.0000,4,0.0005
496,55.0000,42.0000,13.0000,4,0.0006
497,60.0000,41.0000,19.0000,4,0.0006
498,54.0000,38.0000,16.0000,4,0.0005
499,51.0000,30.0000,21.0000,4,0.0005
500,54.0000,45.0000,9.0000,4,0.0006
501,49.0000,44.0000,5.0000,4,0.0006
502,54.0000,45.0000,9.0000,4,0.0006
503,56.0000,34.0000,22.0000,4,0.0006
504,54.0000,44.0000,10.0000,3,0.0005
505,52.0000,42.0000,10.0000,4,0.0006
506,51.0000,27.0000,24.0000,3,0.0005
507,52.0000,41.0000,11.0000,4,0.0005
508,50.0000,30.0000,20.0000,4,0.0005
509,56.0000,45.0000,11.0000,3,0.0005
510,58.0000,42.0000,16.0000,3,0.0005
511,52.0000,42.0000,10.0000,4,0.0005
512,53.0000,25.0000,28.0000,3,0.0005
513,54.0000,37.0000,17.0000,3,0.0005
514,48.0000,31.0000,17.0000,4,0.0005
515,53.0000,31.0000,22.0000,3,0.0005
516,57.0000,33.0000,24.0000,4,0.0006
517,55.0000,40.0000,15.0000,3,0.0005
518,56.0000,41.0000,15.0000,4,0.0006
519,53.0000,41.0000,12.0000,3,0.0006
520,50.0000,35.0000,15.0000,3,0.0005
521,56.0000,29.0000,27.0000,3,0.0005
522,52.0000,29.0000,23.0000,4,0.0007
523,57.0000,27.0000,30.0000,3,0.0006
524,56.0000,40.0000,16.0000,4,0.0006
525,51.0000,36.0000,15.0000,3,0.0007
526,58.0000,34.0000,24.0000,3,0.0006
527,52.0000,29.0000,23.0000,3,0.0005
528,50.0000,35.0000,15.0000,3,0.0006
529,56.0000,44.0000,12.0000,4,0.0005
530,53.0000,41.0000,12.0000,4,0.0006
531,47.0000,33.0000,14.0000,3,0.0005
532,52.0000,36.0000,16.0000,3,0.0006
533,57.0000,36.0000,21.0000,3,0.0005
534,51.0000,35.0000,16.0000,4,0.0005
535,51.0000,38.0000,13.0000,3,0.0006
536,55.0000,34.0000,21.0000,4,0.0008
537,59.0000,39.0000,20.0000,3,0.0005
538,53.0000,40.0000,13.0000,4,0.0006
539,58.0000,33.0000,25.0000,3,0.0005
540,52.0000,33.0000,19.0000,3,0.0005
541,53.0000,37.0000,16.0000,4,0.0005
542,56.0000,35.0000,21.0000,3,0.0005
543,53.0000,31.0000,22.0000,4,0.0005
544,49.0000,35.0000,14.0000,4,0.0006
545,50.0000,36.0000,14.0000,3,0.0006
546,52.0000,40.0000,12.0000,4,0.0006
547,53.0000,28.0000,25.0000,3,0.0006
548,55.0000,43.0000,12.0000,4,0.0005
549,55.0000,43.0000,12.0000,4,0.0006
550,50.0000,39.0000,11.0000,4,0.0006
551,54.0000,44.0000,10.0000,3,0.0006
552,53.0000,34.0000,19.0000,3,0.0005
553,55.0000,39.0000,16.0000,3,0.0006
554,53.0000,31.0000,22.0000,3,0.0005
555,56.0000,33.0000,23.0000,3,0.0006
556,56.0000,49.0000,7.0000,4,0.0006
557,48.0000,41.0000,7.0000,4,0.0007
558,55.0000,38.0000,17.0000,3,0.0005
559,61.0000,34.0000,27.0000,3,0.0005
560,55.0000,31.0000,24.0000,3,0.0005
561,59.0000,35.0000,24.0000,3,0.0005
562,57.0000,46.0000,11.0000,3,0.0005
563,52.0000,41.0000,11.0000,4,0.0005
564,46.0000,33.0000,13.0000,5,0.0006
565,56.0000,47.0000,9.0000,3,0.0005
566,54.0000,36.0000,18.0000,4,0.0006
567,52.0000,34.0000,18.0000,3,0.0005
568,55.0000,37.0000,18.0000,5,0.0006
569,53.0000,32.0000,21.0000,4,0.0005
570,52.0000,29.0000,23.0000,4,0.0005
571,49.0000,33.0000,16.0000,3,0.0006
572,51.0000,35.0000,16.0000,3,0.0006
573,56.0000,39.0000,17.0000,3,0.0007
574,46.0000,31.0000,15.0000,3,0.0006
575,54.0000,44.0000,10.0000,4,0.0006
576,49.0000,31.0000,18.0000,4,0.0005
577,55.0000,37.0000,18.0000,4,0.0005
578,59.0000,31.0000,28.0000,3,0.0006
579,51.0000,40.0000,11.0000,4,0.0006
580,53.0000,27.0000,26.0000,3,0.0006
581,58.0000,41.0000,17.0000,4,0.0006
582,51.0000,41.0000,10.0000,5,0.0005
583,60.0000,33.0000,27.0000,3,0.0005
584,48.0000,35.0000,13.0000,4,0.0005
585,54.0000,38.0000,16.0000,4,0.0006
586,55.0000,34.0000,21.0000,3,0.0005
587,54.0000,44.0000,10.0000,4,0.0006
588,61.0000,38.0000,23.0000,4,0.0005
589,52.0000,26.0000,26.0000,3,0.0005
590,55.0000,40.0000,15.0000,4,0.0006
591,50.0000,38.0000,12.0000,3,0.0005
592,57.0000,35.0000,22.0000,3,0.0005
593,56.0000,36.0000,20.0000,3,0.0007
594,51.0000,35.0000,16.0000,4,0.0006
595,59.0000,26.0000,33.0000,4,0.0006
596,59.0000,45.0000,14.0000,4,0.0005
597,55.0000,37.0000,18.0000,4,0.0005
598,54.0000,39.0000,15.0000,4,0.0006
599,50.0000,34.0000,16.0000,3,0.0006
600,55.0000,41.0000,14.0000,4,0.0006
601,52.0000,28.0000,24.0000,3,0.0005
602,61.0000,43.0000,18.0000,3,0.0006
603,61.0000,37.0000,24.0000,3,0.0005
604,51.0000,34.0000,17.0000,4,0.0006
605,55.0000,38.0000,17.0000,3,0.0005
606,56.0000,43.0000,13.0000,4,0.0006
607,54.0000,40.0000,14.0000,4,0.0005
608,59.0000,42.0000,17.0000,4,0.0006
609,53.0000,37.0000,16.0000,3,0.0006
610,53.0000,45.0000,8.0000,5,0.0006
611,52.0000,33.0000,19.0000,3,0.0006
612,55.0000,34.0000,21.0000,3,0.0005
613,53.0000,36.0000,17.0000,4,0.0005
614,54.0000,39.0000,15.0000,4,0.0006
615,55.0000,39.0000,16.0000,4,0.0005
616,46.0000,39.0000,7.0000,4,0.0006
617,52.0000,32.0000,20.0000,4,0.0005
618,51.0000,38.0000,13.0000,3,0.0005
619,55.0000,33.0000,22.0000,3,0.0005
620,50.0000,38.0000,12.0000,3,0.0005
621,58.0000,46.0000,12.0000,4,0.0006
622,50.0000,32.0000,18.0000,3,0.0006
623,55.0000,35.0000,20.0000,3,0.0006
624,52.0000,40.0000,12.0000,4,0.0006
625,44.0000,35.0000,9.0000,4,0.0005
626,56.0000,27.0000,29.0000,3,0.0005
627,50.0000,29.0000,21.0000,3,0.0005
628,56.0000,26.0000,30.0000,3,0.0005
629,57.0000,44.0000,13.0000,3,0.0006
630,52.0000,38.0000,14.0000,4,0.0006
631,61.0000,32.0000,29.0000,3,0.0007
632,60.0000,40.0000,20.0000,4,0.0005
633,53.0000,40.0000,13.0000,3,0.0006
634,55.0000,37.0000,18.0000,3,0.0005
635,59.0000,30.0000,29.0000,3,0.0005
636,52.0000,34.0000,18.0000,3,0.0006
637,56.0000,41.0000,15.0000,4,0.0006
638,54.0000,37.0000,17.0000,3,0.0005
639,57.0000,45.0000,12.0000,3,0.0006
640,51.0000,40.0000,11.0000,5,0.0006
641,54.0000,42.0000,12.0000,4,0.0006
642,56.0000,39.0000,17.0000,3,0.0005
643,55.0000,46.0000,9.0000,4,0.0006
644,53.0000,36.0000,17.0000,4,0.0006
645,51.0000,33.0000,18.0000,4,0.0005
646,52.0000,38.0000,14.0000,4,0.0005
647,59.0000,30.0000,29.0000,3,0.0005
648,52.0000,39.0000,13.0000,4,0.0006
649,54.0000,42.0000,12.0000,4,0.0005
650,50.0000,33.0000,17.0000,4,0.0005
651,52.0000,40.0000,12.0000,3,0.0006
652,49.0000,37.0000,12.0000,4,0.0005
653,52.0000,35.0000,17.0000,4,0.0005
654,50.0000,34.0000,16.0000,3,0.0006
655,54.0000,43.0000,11.0000,3,0.0005
656,55.0000,35.0000,20.0000,3,0.0005
657,55.0000,30.0000,25.0000,3,0.0005
658,55.0000,41.0000,14.0000,4,0.0006
659,56.0000,33.0000,23.0000,3,0.0006
660,54.0000,44.0000,10.0000,4,0.0006
661,59.0000,33.0000,26.0000,4,0.0005
662,54.0000,38.0000,16.0000,3,0.0005
663,53.0000,39.0000,14.0000,3,0.0005
664,52.0000,39.0000,13.0000,3,0.0005
665,51.0000,36.0000,15.0000,3,0.0005
666,55.0000,31.0000,24.0000,4,0.0005
667,54.0000,36.0000,18.0000,3,0.0005
668,59.0000,38.0000,21.0000,4,0.0006
669,51.0000,38.0000,13.0000,3,0.0006
670,54.0000,43.0000,11.0000,4,0.0006
671,51.0000,35.0000,16.0000,4,0.0005
672,56.0000,38.0000,18.0000,3,0.0005
673,56.0000,40.0000,16.0000,3,0.0005
674,57.0000,42.0000,15.0000,4,0.0005
675,54.0000,39.0000,15.0000,3,0.0005
676,53.0000,24.0000,29.0000,4,0.0005
677,53.0000,42.0000,11.0000,4,0.0006
678,54.0000,42.0000,12.0000,4,0.0005
679,53.0000,40.0000,13.0000,4,0.0006
680,53.0000,37.0000,16.0000,5,0.0005
Average initial I(P),53.5932
