0.8,2,400
0.0051,98.0000,0.0000,98.0000,1,1,0
1.1731,98.0000,0.0000,98.0000,1,402,0
